clc;
close all;
clear all;
figure(1);
A=[0,0,0,0;
1,1,1,1;
0,0,0,0;
1,1,1,1;
0,0,0,0];
subplot(2,2,1);
imshow(A);
title("Horizontal line";);
B=[1,0,0,0,1,1,1,1,1,0,0,0,1;
1,0,1,1,0,1,1,1,0,1,1,0,1;
1,0,1,1,1,0,1,0,1,1,1,0,1;
1,0,1,1,1,0,0,0,1,1,1,0,1;
1,0,0,0,0,0,0,0,0,0,0,0,1;
0,0,0,0,1,1,0,1,1,0,0,0,0;
0,0,0,0,0,0,0,0,0,0,0,0,0;
0,0,0,0,0,0,1,0,0,0,0,0,0;
1,0,0,0,0,0,0,0,0,0,0,0,1;
1,1,0,0,0,0,0,0,0,0,0,1,1;
1,1,1,0,0,0,0,0,0,0,1,1,1];
subplot(2,2,2);
imshow(B);
title("Cat");
C=[1,1,0,0,0,0,0,1,1;
1,0,1,1,1,1,1,0,1;
0,1,0,0,1,0,0,1,0;
0,1,0,0,1,0,0,1,0;
0,1,1,1,1,1,1,1,0;
0,1,0,1,1,1,0,1,0;
0,1,1,0,0,0,1,1,0;
1,0,1,1,1,1,1,0,1;
1,1,0,0,0,0,0,1,1];
subplot(2,2,3);

imshow(C);
title("smiley");
D=[0,0,0,0,0,;
0,0.1,0.1,0.1,0.1;
0,0.1,0.2,0.2,0.2;
0,0.1,0.2,0.3,0.4;
0,0.1,0.2,0.3,0.4];
subplot(2,2,4);
imshow(D);
title("gray scale");
